Level3	Control1	Control2	Control3	Control4	Control5	Control6	Control7	AB10	AB11	AB12	AB13	AB14	AB8	AB9	AA15	AA16	AA17	AA18	AA19	AA20	AA21
Biotin metabolism	0.08766502	0.102890227	0.107828939	0.110690875	0.127665088	0.120529257	0.130020775	0.108174537	0.126300542	0.121459554	0.112832371	0.119296049	0.124842088	0.129403913	0.131755027	0.139167295	0.165330239	0.155744016	0.168517922	0.169191776	0.156174132
Isoquinoline alkaloid biosynthesis	0.039837648	0.045783265	0.044999528	0.04993683	0.053439016	0.055020296	0.055253405	0.050141829	0.054702601	0.055477346	0.046958423	0.046970233	0.052052288	0.05102175	0.053064682	0.057925117	0.067253016	0.069626894	0.068741601	0.06556216	0.065439118
Streptomycin biosynthesis	0.295547394	0.278633793	0.290822825	0.286720341	0.295722651	0.274194818	0.296974339	0.223191549	0.261888026	0.259352337	0.25740582	0.254006624	0.259821256	0.258972175	0.272626557	0.277043	0.336287101	0.312626977	0.331974828	0.292324623	0.291940148
Indole alkaloid biosynthesis	6.27E-05	0.000191562	0.000311535	0.000795124	0.000712218	0.000747456	0.000662218	0.000215492	0.001108471	0.001084334	0.000296808	0.000481073	0.001235602	0.001108742	0.002940487	0.002580203	0.002169168	0.003321181	0.001184193	0.005634047	0.006483147
Taurine and hypotaurine metabolism	0.107540422	0.124287678	0.119708185	0.120627414	0.127645663	0.128621747	0.126549215	0.121852223	0.128189601	0.125065217	0.118796687	0.12872912	0.125166433	0.123757179	0.13060469	0.128001294	0.142689411	0.138243864	0.137511397	0.137162496	0.145234123
Betalain biosynthesis	0.000233999	0.000493272	0.000330416	0.000797641	0.000725167	0.000747456	0.000671259	0.000217913	0.001874155	0.001584951	0.000623946	0.000841037	0.00124075	0.001133272	0.002947117	0.002601035	0.002173572	0.003334528	0.001186207	0.005645933	0.006492831
Nitrotoluene degradation	0.052644847	0.06588528	0.061189918	0.074829759	0.078742181	0.096435278	0.085023841	0.108157588	0.110446606	0.104947281	0.095524374	0.088456905	0.104995238	0.108197998	0.099472658	0.107428116	0.087081634	0.12018981	0.089430743	0.134545557	0.130582887
Polyketide sugar unit biosynthesis	0.170083166	0.166323516	0.165780779	0.162394089	0.172877985	0.169402606	0.171871607	0.130595385	0.159631068	0.150764938	0.159292504	0.154363927	0.166319686	0.167734002	0.164793236	0.163701546	0.188470967	0.193992093	0.182750391	0.188560298	0.195348998
Carbon fixation pathways in prokaryotes	0.735124508	0.851994963	0.849440044	0.87626984	0.930998501	0.932036794	0.972741993	0.969507962	0.975156807	0.984487787	0.924835044	0.940686405	0.950648634	0.958342998	0.963637648	0.983054463	1.014813854	0.994525636	1.039755737	1.033073024	0.977604405
Riboflavin metabolism	0.125797133	0.187991548	0.173219862	0.179348355	0.206355471	0.191103108	0.199546903	0.184635439	0.214939136	0.212588169	0.182679641	0.202969136	0.206309414	0.20659148	0.205714735	0.209460721	0.257320579	0.207003202	0.261912086	0.252422734	0.26432988
Flavone and flavonol biosynthesis	0.03449428	0.016359376	0.023387167	0.017860104	0.011094415	0.007312653	0.011682613	0.007060388	0.006535324	0.005904045	0.011757479	0.008437283	0.005915442	0.005661452	0.009494424	0.006636509	0.003135934	0.00399298	0.003385423	0.003100311	0.003505451
Other glycan degradation	0.48854553	0.299954619	0.380598457	0.315367464	0.323411747	0.280190654	0.340059202	0.210511421	0.206341496	0.196769059	0.275095118	0.224799092	0.22277123	0.22072058	0.253481899	0.229444649	0.324333555	0.32564031	0.331622389	0.207912971	0.198697091
Lipopolysaccharide biosynthesis	0.142379669	0.164180418	0.197258421	0.185306756	0.262403796	0.159488699	0.267246845	0.146786336	0.225079321	0.215938456	0.175168459	0.191194619	0.182789224	0.186099379	0.21612744	0.25455327	0.464437581	0.256947707	0.497977346	0.331877851	0.3109272
Glycolysis / Gluconeogenesis	0.988084167	1.040769519	1.049961717	1.048967835	1.083215688	1.104672079	1.070786444	1.008923618	1.040478378	1.041215663	1.026819857	1.054492165	1.061757526	1.058740556	1.094454504	1.085545374	1.15462719	1.190110472	1.135328978	1.078969507	1.077100625
Various types of N-glycan biosynthesis	0.001630753	0.001695322	0.002174453	0.00305217	0.001757884	0.002536492	0.001826185	0.000951554	0.001440081	0.00097894	0.001475372	0.001355752	0.002708027	0.002938657	0.004415703	0.005324087	0.002878277	0.005156394	0.001838722	0.009378192	0.010158061
Tetracycline biosynthesis	0.076570595	0.103637318	0.103574438	0.105125004	0.120811607	0.12560494	0.127606956	0.141495887	0.143905677	0.140495183	0.12486716	0.134148762	0.133730696	0.137192089	0.132749554	0.133310501	0.129667796	0.123017152	0.135823721	0.132812156	0.106248086
Drug metabolism - other enzymes	0.356263984	0.307265095	0.326397626	0.302992712	0.289963397	0.309926978	0.302251743	0.318160545	0.278984568	0.284656833	0.316080559	0.29466908	0.291609679	0.297562279	0.305654821	0.271129662	0.229531004	0.296964263	0.22475098	0.250839892	0.249225938
Folate biosynthesis	0.264674061	0.307964296	0.321507468	0.307730748	0.344742678	0.303515589	0.34799678	0.254479043	0.328614282	0.326074324	0.288806761	0.319264366	0.308030308	0.306630904	0.335099471	0.337706049	0.438555113	0.35887881	0.46007914	0.371530131	0.355401397
Phosphonate and phosphinate metabolism	0.087761514	0.062765217	0.073698528	0.066850837	0.061962971	0.052904753	0.059771405	0.036929025	0.042425581	0.041162115	0.052313958	0.049419333	0.042131437	0.04005698	0.051854673	0.050788637	0.066565929	0.062744286	0.065199092	0.040678453	0.033340518
Ethylbenzene degradation	0.04487706	0.055102746	0.051063451	0.055306436	0.052496946	0.054146015	0.056403811	0.072555413	0.060002771	0.068238028	0.056532092	0.063636222	0.053545306	0.051029109	0.055043792	0.055975828	0.044458033	0.04392278	0.043903756	0.045092186	0.035688782
Lipopolysaccharide biosynthesis proteins	0.262066304	0.263739864	0.303554859	0.299427234	0.356811537	0.245464995	0.367454241	0.223937296	0.315288405	0.299667253	0.270123049	0.286807067	0.267276052	0.270677742	0.307328943	0.360930854	0.561285976	0.350165438	0.622859365	0.412646391	0.393854838
Phenylalanine, tyrosine and tryptophan biosynthesis	0.706448831	0.713670596	0.723888213	0.714756426	0.761668657	0.766085436	0.763641519	0.784279315	0.774681826	0.766078671	0.770553604	0.7427063	0.795830339	0.816051187	0.772781157	0.763519938	0.782836204	0.781240442	0.770434389	0.833634895	0.800903535
Glycosphingolipid biosynthesis - globo series	0.156366509	0.095091268	0.124585757	0.103980126	0.110973286	0.090204682	0.119154068	0.064872762	0.06600901	0.066736175	0.086973283	0.070970064	0.068781817	0.067765714	0.084190083	0.078998265	0.126344675	0.113518531	0.132603441	0.073882482	0.059459516
Phenylpropanoid biosynthesis	0.204480951	0.150021608	0.16982759	0.164072406	0.157814573	0.16539279	0.162738421	0.160907112	0.139849976	0.146504621	0.155574827	0.133489389	0.144132916	0.1339787	0.141299177	0.139345856	0.120605739	0.174841361	0.113305927	0.126245045	0.103045247
Inositol phosphate metabolism	0.172010638	0.148400517	0.157558138	0.172406114	0.136794428	0.129420472	0.140157459	0.108915442	0.135533457	0.130428108	0.122921662	0.129570157	0.111574816	0.106711499	0.129752711	0.153309309	0.145508228	0.156553735	0.154845325	0.124947471	0.118384015
Selenocompound metabolism	0.348722959	0.368818684	0.366585666	0.365626371	0.380946017	0.385096197	0.378051992	0.390481096	0.376798325	0.389127818	0.370296686	0.374517131	0.385044321	0.37963616	0.380579222	0.376629322	0.39543822	0.390606874	0.39002244	0.400163926	0.402642674
D-Arginine and D-ornithine metabolism	0.021103291	0.017951733	0.016354024	0.014063133	0.011473186	0.010345651	0.007580477	0.006714148	0.007964228	0.007977453	0.011701151	0.012625647	0.009959463	0.010444741	0.008407074	0.007142431	0.005994391	0.005932745	0.002307968	0.004815882	0.013561834
Citrate cycle (TCA cycle)	0.394885805	0.500692208	0.499683572	0.530297636	0.572914684	0.523615661	0.61064652	0.543451324	0.592763962	0.611051391	0.531944153	0.561139873	0.538163663	0.534769262	0.573799374	0.611165929	0.723832633	0.593590402	0.766644166	0.634715797	0.579266076
Cyanoamino acid metabolism	0.33245403	0.282177686	0.293730486	0.291075911	0.277528717	0.297168962	0.289111345	0.297403102	0.267301838	0.27283861	0.289591026	0.27041021	0.269121731	0.261282871	0.271310466	0.265522854	0.227234109	0.304836773	0.220700959	0.239676793	0.220027566
Lysine biosynthesis	0.71576535	0.710236851	0.709727523	0.708616858	0.740735921	0.780416617	0.76278719	0.842404031	0.765968682	0.76481598	0.791678937	0.76076841	0.785646923	0.799535349	0.765590721	0.749139843	0.709080089	0.770195792	0.690700737	0.768960237	0.71953253
Prenyltransferases	0.196114901	0.262300757	0.252784063	0.256664136	0.294974822	0.277416702	0.293430454	0.273868475	0.284620074	0.294661078	0.261790773	0.279214185	0.285163958	0.285096292	0.288074887	0.287006692	0.356805008	0.287149763	0.35027343	0.314153584	0.312771919
Nitrogen metabolism	0.618503977	0.661467616	0.640104127	0.671037167	0.661511373	0.688190837	0.670874472	0.685889081	0.705386525	0.690523925	0.672303801	0.679500689	0.692307526	0.700511454	0.680094492	0.706612618	0.65639243	0.710619196	0.683462659	0.698433618	0.703169724
Biosynthesis of vancomycin group antibiotics	0.054285249	0.051482228	0.052407143	0.049622303	0.054954098	0.049156681	0.055233064	0.039376916	0.053020332	0.049729365	0.0499135	0.049580812	0.05083728	0.051845947	0.050442444	0.050318427	0.064517882	0.055995149	0.061960686	0.060142064	0.061592322
Photosynthesis - antenna proteins	0.001763432	0.005622338	0.004499953	0.005004754	0.006176873	4.59E-05	6.78E-05	0	3.17E-05	0.000310099	0	0.000629096	0	4.17E-05	0.000331509	0.000190465	0.003880278	0	8.06E-06	7.92E-06	4.12E-05
Cysteine and methionine metabolism	0.786179612	0.8498806	0.826590983	0.838164259	0.874564932	0.915409277	0.870116257	0.917199107	0.898895834	0.902208145	0.879512312	0.88316284	0.923815488	0.922321152	0.878287283	0.875251369	0.869935455	0.901250067	0.862271783	0.879123287	0.882802294
Benzoate degradation	0.272726505	0.326327887	0.277524363	0.330696255	0.266887532	0.305728274	0.273482545	0.306231008	0.355498906	0.366391268	0.301944287	0.337777272	0.305311985	0.272532186	0.27812961	0.322275421	0.200369459	0.272472503	0.205616595	0.259766409	0.230616545
Fatty acid biosynthesis	0.35721204	0.397526612	0.400262936	0.413620682	0.435883929	0.429379575	0.458777066	0.468808787	0.495693532	0.492848891	0.439112712	0.452770576	0.453427142	0.447956245	0.461275197	0.466362066	0.467743085	0.434038039	0.480444039	0.477808383	0.399151749
Pyruvate metabolism	0.961644744	1.011546769	1.023717237	1.034235389	1.047022061	1.075421465	1.061540251	1.03681893	1.041957582	1.055567376	1.03718429	1.062162422	1.044260894	1.047496147	1.077865782	1.09564001	1.095788784	1.159539149	1.116325499	1.075621568	1.020853632
D-Alanine metabolism	0.11847322	0.122714476	0.121542781	0.111468386	0.11177615	0.115294369	0.108911158	0.125844877	0.109129481	0.111609346	0.118608203	0.123615615	0.114254527	0.116152976	0.119800804	0.105142539	0.096218565	0.098983639	0.08925553	0.101908102	0.116437618
Bisphenol degradation	0.092258146	0.09500267	0.090889606	0.098972855	0.098256956	0.102509368	0.098480657	0.096813995	0.110157844	0.109827796	0.096423462	0.097799144	0.097105408	0.100598701	0.085250913	0.096648997	0.098319465	0.097090588	0.089549565	0.07593879	0.084067878
N-Glycan biosynthesis	0.022886022	0.018186397	0.024872466	0.023883926	0.028232971	0.016214662	0.027991714	0.010823023	0.017621902	0.022886533	0.014634563	0.013584429	0.016284198	0.013363774	0.018475009	0.022793283	0.045012988	0.021984747	0.043003528	0.026571544	0.022347249
Novobiocin biosynthesis	0.110165065	0.123667496	0.113798457	0.121004846	0.122229569	0.129933167	0.124433733	0.132575974	0.132513571	0.13249949	0.126262372	0.126518875	0.132984187	0.133990964	0.123006498	0.127679885	0.120614548	0.130816254	0.122652594	0.135092321	0.139423983
Glycosphingolipid biosynthesis - ganglio series	0.024080138	0.021998476	0.029970315	0.022832147	0.043992415	0.031072031	0.049777109	0.015222448	0.016677372	0.02094284	0.018636049	0.018482629	0.017481187	0.013726813	0.026689808	0.025867505	0.078689046	0.056807092	0.085872122	0.032231344	0.024041873
Tropane, piperidine and pyridine alkaloid biosynthesis	0.084307021	0.101113491	0.093929435	0.103683212	0.10313565	0.105801411	0.106352691	0.112000124	0.110172748	0.113591549	0.1013652	0.103393722	0.105579575	0.108848035	0.103391097	0.109805951	0.109685024	0.107214294	0.116137518	0.108784254	0.109487239
Biosynthesis of ansamycins	0.122791337	0.124907859	0.114188663	0.1153031	0.116852322	0.133333146	0.108276061	0.131573573	0.124297842	0.11480965	0.134085526	0.12568793	0.137839071	0.148461027	0.1140889	0.115638936	0.095139487	0.117084407	0.09097543	0.109352809	0.133645315
1,1,1-Trichloro-2,2-bis(4-chlorophenyl)ethane (DDT) degradation	0.00024606	0.000447776	0.000472023	0.000958678	0.000640996	0.001103644	0.000607975	0.000215492	0.001300358	0.001347817	0.000582783	0.000733384	0.001786474	0.001471781	0.000964692	0.002621867	0.000916116	0.001964235	0.00071696	0.004096768	0.003701543
Pantothenate and CoA biosynthesis	0.511778932	0.531725217	0.529622418	0.526581184	0.565125608	0.550847874	0.576778468	0.607411272	0.567067917	0.586693406	0.573505878	0.563844648	0.567648204	0.566164809	0.566894037	0.562014099	0.602359227	0.546849178	0.598829107	0.606511885	0.544724796
Retinol metabolism	0.031951656	0.037299473	0.037513243	0.041668543	0.037054763	0.025205718	0.034439865	0.020302247	0.042155449	0.040037246	0.026539363	0.035683517	0.02902119	0.026187894	0.036157711	0.04359859	0.053667638	0.033630012	0.053856617	0.044719752	0.039886608
alpha-Linolenic acid metabolism	0.005789655	0.011141712	0.009147806	0.014365079	0.010735069	0.012234528	0.01196739	0.015638904	0.019699121	0.0231034	0.012361927	0.015047834	0.015784809	0.013861726	0.011122135	0.016826377	0.007963159	0.009979113	0.014115662	0.017534089	0.011550073
Glycerophospholipid metabolism	0.465114316	0.508031419	0.502959411	0.504805847	0.550797076	0.545645366	0.558566338	0.572840552	0.562425377	0.561141642	0.537973463	0.545994479	0.556888175	0.558538529	0.541208702	0.547946486	0.614687148	0.546333094	0.633237165	0.56958352	0.537488752
Oxidative phosphorylation	0.88754199	1.033078314	0.989209208	1.042335089	1.125181518	1.120001667	1.153437149	1.120730042	1.266912084	1.260301727	1.093701217	1.135359553	1.171381121	1.139286237	1.070081945	1.139336809	1.21041775	1.131443697	1.219932321	1.159597394	1.085275976
Ubiquinone and other terpenoid-quinone biosynthesis	0.125647567	0.170671968	0.171130373	0.180100704	0.20972232	0.148827336	0.201827374	0.106007511	0.186778372	0.189466528	0.137616886	0.172012247	0.159214977	0.13895332	0.167962464	0.200187465	0.327953973	0.194112216	0.362743708	0.212691214	0.188045168
Terpenoid backbone biosynthesis	0.417583664	0.521548497	0.48346486	0.488966265	0.523761925	0.557043391	0.515013627	0.551853089	0.549516808	0.550211153	0.529981323	0.55043179	0.569408937	0.581662665	0.541517005	0.526792985	0.515517633	0.527825242	0.49183082	0.548982798	0.586049414
Tyrosine metabolism	0.281780078	0.346307781	0.321655368	0.354824254	0.342865012	0.347774681	0.344296947	0.3245793	0.356899865	0.368438327	0.318361861	0.354402891	0.337911271	0.319430495	0.346622732	0.373034299	0.38094994	0.374510382	0.39424566	0.357058713	0.346603878
Sulfur metabolism	0.212188429	0.239648576	0.244835195	0.246131254	0.292417312	0.243136279	0.281521828	0.22001728	0.262646257	0.2759092	0.234430315	0.248492786	0.255653675	0.240910966	0.251797833	0.269219062	0.400716896	0.271017679	0.403664828	0.312188403	0.265622636
Purine metabolism	1.957161381	2.087956358	2.059760569	2.006199454	2.057416689	2.100976571	2.079643059	2.141883434	2.093371637	2.078434493	2.101066096	2.134424017	2.129659595	2.157064668	2.135622214	2.039292061	2.00675785	2.021275398	2.009154698	2.052326389	2.133185491
Lipoic acid metabolism	0.032670538	0.037811901	0.040420905	0.038377332	0.042046764	0.029712039	0.045435399	0.03364822	0.032738099	0.039139377	0.031322947	0.035340374	0.027942613	0.024144571	0.041146925	0.038006662	0.059100468	0.0388131	0.06410754	0.038354705	0.035361962
Glycosaminoglycan degradation	0.061107392	0.043458184	0.068147537	0.047186606	0.090995569	0.050057945	0.095949311	0.026481297	0.029338166	0.038995475	0.036665484	0.033083031	0.030856574	0.025638429	0.047922974	0.047065645	0.172011717	0.088132521	0.181864261	0.06088495	0.043793927
Protein kinases	0.438035618	0.36034447	0.396974509	0.39129681	0.352000828	0.317800898	0.353335208	0.316853066	0.339121473	0.355456726	0.338869748	0.329222244	0.331411492	0.3104281	0.339830107	0.352264704	0.342966377	0.311861749	0.367591246	0.341083694	0.299854042
Butirosin and neomycin biosynthesis	0.073733664	0.062482664	0.070954501	0.064553531	0.072494087	0.06350945	0.072109457	0.058223988	0.054633671	0.058442543	0.060082951	0.05468086	0.057465767	0.058682371	0.061189973	0.058261406	0.08388624	0.065689526	0.080251233	0.058343289	0.055382735
Starch and sucrose metabolism	0.97378372	0.831414044	0.895364737	0.856839617	0.865937381	0.892340689	0.89775765	0.8643261	0.806918784	0.816178939	0.872267607	0.79873282	0.8473472	0.824209761	0.852691455	0.808246437	0.79440877	0.923717532	0.800055327	0.807473425	0.73015056
Galactose metabolism	0.826806101	0.710069234	0.751857151	0.693944801	0.713661922	0.768675896	0.713984197	0.642047365	0.660363954	0.615664369	0.699124805	0.657896131	0.703059833	0.706626705	0.690215469	0.636920346	0.643091136	0.807098046	0.639764325	0.603033197	0.659971336
Glycosyltransferases	0.256433452	0.28416035	0.304668833	0.289616506	0.329517398	0.267119623	0.329716846	0.260372384	0.29829619	0.311688156	0.272228866	0.288408401	0.283786777	0.268788956	0.304269113	0.308651234	0.431651213	0.287180906	0.457602002	0.330279161	0.317887263
Sphingolipid metabolism	0.324929891	0.201908511	0.256157454	0.215591936	0.242192989	0.196551169	0.254522312	0.159461621	0.176803992	0.164415381	0.203846136	0.166347022	0.176456766	0.169642412	0.17875309	0.172769457	0.278805251	0.214639915	0.284695719	0.163949972	0.13406655
Glycerolipid metabolism	0.517619246	0.447746927	0.46965976	0.451341282	0.439911198	0.457286387	0.431680364	0.404672088	0.435979523	0.40442807	0.452791858	0.437803482	0.444366064	0.452160634	0.437399903	0.428441708	0.413342114	0.468824792	0.399248271	0.399173412	0.400146735
Synthesis and degradation of ketone bodies	0.054842503	0.080235652	0.065450712	0.082199757	0.066045276	0.074065575	0.061134264	0.06814146	0.091218818	0.098277109	0.066781702	0.080645354	0.076558384	0.062474661	0.063517168	0.078150101	0.049549522	0.060059313	0.045879425	0.065766206	0.05672633
Linoleic acid metabolism	0.065430334	0.071814117	0.064613658	0.07016721	0.073442632	0.077697616	0.071361354	0.071243091	0.073408755	0.074612288	0.073762096	0.075282902	0.073675314	0.077496641	0.064322735	0.070189266	0.072723283	0.075268229	0.063271757	0.058680064	0.067659076
Vitamin B6 metabolism	0.161787073	0.165265137	0.163836044	0.166213706	0.165373797	0.163630737	0.173559925	0.172902023	0.173206583	0.172883317	0.173606428	0.1700274	0.168412486	0.165862387	0.171406845	0.167888796	0.162011522	0.161565536	0.171804661	0.161939228	0.154891059
D-Glutamine and D-glutamate metabolism	0.114167164	0.134555389	0.128405996	0.128339617	0.133650957	0.145233073	0.13723059	0.155004085	0.137970232	0.14135657	0.137751208	0.141001532	0.142107044	0.14301053	0.140622899	0.13490862	0.124503635	0.137291777	0.123506502	0.133737297	0.139959